mgc_rve_context_lcv "ADC_SAR4BIT" "ARRAY_CMP_T1" "layout_T1_template" 10000
mgc_rve_highlight_index 0 "SL2A" "#00000000FFFF"
mgc_rve_layer "M2"
mr 1.835 -0.78 1.945 0.16
mr 2.885 -0.78 2.995 0.16
mgc_rve_layer "M3"
mr 0.535 -0.78 4.045 -0.67
mr 1.835 0.05 1.945 0.16
mr 2.885 0.05 2.995 0.16
mgc_rve_layer "M4"
mp 8 1.81 0 1.97 0 1.97 0.21 1.915 0.21 1.915 2.41 1.865 2.41 1.865 0.21 1.81 0.21
mp 8 2.86 0 3.02 0 3.02 0.21 2.965 0.21 2.965 2.41 2.915 2.41 2.915 0.21 2.86 0.21
mgc_rve_layer "M5"
mp 8 1.81 0 1.97 0 1.97 0.21 1.915 0.21 1.915 2.41 1.865 2.41 1.865 0.21 1.81 0.21
mp 8 2.86 0 3.02 0 3.02 0.21 2.965 0.21 2.965 2.41 2.915 2.41 2.915 0.21 2.86 0.21
mgc_rve_layer "M6"
mp 8 1.81 0 1.97 0 1.97 0.21 1.915 0.21 1.915 2.41 1.865 2.41 1.865 0.21 1.81 0.21
mp 8 2.86 0 3.02 0 3.02 0.21 2.965 0.21 2.965 2.41 2.915 2.41 2.915 0.21 2.86 0.21
mgc_rve_zoom -0.2171 -1.4635 4.7971 3.0935 1
