17 125 16350 1000 13100
26 125 16350 1000 13100
35 125 16350 1000 13100
44 125 16350 1000 13100
19 125 16350 1000 13100
28 125 16350 1000 13100
37 125 16350 1000 13100
46 125 16350 1000 13100
6 0 16350 125 16350
8 0 16350 125 16350
15 125 16350 1000 13100
21 125 16350 1000 13100
24 125 16350 1000 13100
30 125 16350 1000 13100
33 125 16350 1000 13100
39 125 16350 1000 13100
42 125 16350 1000 13100
48 125 16350 1000 13100
10 125 16350 1000 13100
12 125 16350 1000 13100
2 125 16350 1000 13100
4 0 16350 125 16350
